########### MSPF ############
########### AVERAGE MSPF ############
0
7.01219
7.13601
8.72288
8.78894
9.61636
11.0264
10.667
4.57371
4.60004
4.71849
4.65097
4.67531
8.8865
10.09
10.2262
10.1781
10.3492
10.1569
10.2502
10.2571
10.1656
10.1752
6.25979
6.28167
6.22643
6.25709
7.30885
7.6179
7.44445
7.74538
8.41333
8.4749
8.43993
8.73435
8.54153
8.59721
8.60975
8.66697
8.36268
6.53859
6.46328
6.48275
6.45493
6.3906
7.09721
6.36718
6.35506
6.3793
6.35623
6.30783
6.49443
6.46891
6.42853
6.5856
6.49625
3.90058
3.92265
3.91007
3.8766
9.82221
9.52368
9.64981
14.294
13.6335
13.7206
13.8519
13.8732
13.8402
10.5519
10.6894
10.6679
10.8657
10.6758
10.7787
10.7215
10.765
8.44823
8.43501
8.35743
8.3667
8.42544
8.40789
8.39532
8.12783
8.41031
8.36681
8.38955
8.47442
8.41467
8.46385
8.38412
8.3835
8.52967
8.47804
8.36022
8.39395
8.44263
8.37492
8.42619
8.3441
8.63183
8.31006
8.51857
8.21296
8.37566
8.28552
8.31608
8.29144
8.24779
8.00104
8.29536
8.25499
8.39474
8.28641
8.38509
8.41966
8.40224
8.87731
8.84097
8.05953
7.39705
7.44581
7.42381
7.90137
8.05178
8.06777
8.04684
8.07995
8.31101
8.24281
8.1998
9.35792
8.34701
8.48882
8.63461
9.29317
8.21841
8.18548
8.35966
8.16584
8.20615
8.28777
8.1724
8.29993
8.14255
8.27434
8.27407
8.33359
8.27023
8.20738
8.25456
8.12959
8.83242
8.4217
8.01225
8.02553
8.12364
8.16076
8.08307
8.21469
8.14348
8.1506
8.08154
8.13123
